-6.774765812  
-9.395422034  
-7.315686822  
-4.887677502  
-5.454255345  
3.250727132  
-0.7990918905  
4.556646481  
4.722066939  
5.080884319  
-1.453054935  
8.19416476  
-2.866388261  
-1.424538702  
-5.357767157  
9.980828941  
-2.564284002  
4.418388233  
-10.48461746  
-0.053970173  
-7.145152301  
-1.792052276  
7.710096776  
-2.381116705  
3.993435815  
21.84699428  
-0.4501666804  
-2.454125255  
-5.713917017  
-1.12109638  
11.75740039  
-6.434895277  
-4.005192782  
1.182256512  
-2.331976255  
5.092735559  
12.17979312  
-2.152142763  
-3.991485238  
-5.372320913  
7.06665042  
-5.707428023  
7.890682544  
2.512341227  
0.9884103276  
-14.95383741  
-7.822424397  
