-4.881211817  
-2.744312704  
-10.5299232  
19.53865373  
-0.3570741713  
5.047710687  
3.012366951  
5.673404276  
-0.9196623564  
12.06598711  
-17.31278324  
0.925847888  
3.735022657  
-0.7637219429  
-6.363007963  
-5.66305092  
17.14456749  
-7.12240237  
3.182524502  
-5.109355211  
7.697501242  
0.7094735466  
0.4262817502  
10.51176059  
4.367881536  
-7.247621357  
0.7709887624  
-4.713788331  
-9.42189765  
5.468010805  
-13.44999385  
-1.870203823  
-2.512745887  
10.03303933  
6.547296524  
0.007153332233  
-5.711644053  
-14.68910742  
10.17669117  
13.87423646  
0.2340570092  
-6.510359228  
2.742344916  
3.853850245  
-5.063276112  
-0.1264796257  
-6.486886501  
