5.206394076  
11.01655379  
25.64620805  
2.936071694  
1.612413645  
-0.639261961  
-1.904572219  
9.304970503  
4.372307956  
-1.683656573  
4.447056107  
23.29428601  
-3.63369441  
4.992312908  
6.03175199  
3.738802671  
9.581798077  
7.143719971  
-16.76540613  
2.387066931  
-4.549582452  
1.654424369  
-27.6462512  
7.97190848  
7.457851085  
-9.371334314  
-3.917053103  
-2.704322338  
-0.01402318478  
9.701271221  
29.94737959  
-9.783398211  
-12.00159639  
12.81015122  
5.783105254  
18.33884168  
-11.42933038  
-6.2168836  
15.47369528  
1.216727885  
39.30811262  
15.53383279  
3.296331871  
-19.69910502  
-9.821055651  
1.994278073  
-6.906953901  
